pygame 1.9.6
Hello from the pygame community. https://www.pygame.org/contribute.html
F1 = 
 [[    0.001    -0.09     14.196]
 [    0.055     0.005    -3.899]
 [   -7.911     9.611 -1067.704]]

F2 = 
 [[ 0.     0.    -0.007]
 [-0.     0.     0.011]
 [ 0.005 -0.02   1.   ]]

1: [[-933.489  155.236  721.692]]
2: [[-986.588  111.018  725.724]]
3: [[-989.004   96.18   730.7  ]]
4: [[-995.513   74.702  742.176]]
5: [[-985.449   61.458  751.97 ]]
6: [[-969.21    52.518  764.851]]
7: [[-970.152   54.533  751.508]]
8: [[-1002.254    -7.461   731.693]]
9: [[-1111.185   -64.643   695.344]]
10: [[-1251.603   -90.491   641.88 ]]
11: [[-1282.594   -76.95    710.309]]
12: [[-930.486   67.3    763.73 ]]
13: [[-1344.734    22.502   719.899]]
14: [[-1419.937    68.349   642.934]]
15: [[-1242.082   -42.339   716.627]]
16: [[-1192.517  -102.729   758.726]]
17: [[-1357.76    -22.93    718.051]]
18: [[-1448.145    15.291   650.679]]
